(kicad_pcb (version 20171130) (host pcbnew 5.0.2-bee76a0~70~ubuntu16.04.1)

  (general
    (thickness 1.6)
    (drawings 4)
    (tracks 178)
    (zones 0)
    (modules 19)
    (nets 19)
  )

  (page A4)
  (layers
    (0 F.Cu signal)
    (31 B.Cu signal)
    (32 B.Adhes user)
    (33 F.Adhes user)
    (34 B.Paste user)
    (35 F.Paste user)
    (36 B.SilkS user)
    (37 F.SilkS user)
    (38 B.Mask user)
    (39 F.Mask user)
    (40 Dwgs.User user)
    (41 Cmts.User user)
    (42 Eco1.User user)
    (43 Eco2.User user)
    (44 Edge.Cuts user)
    (45 Margin user)
    (46 B.CrtYd user)
    (47 F.CrtYd user)
    (48 B.Fab user)
    (49 F.Fab user)
  )

  (setup
    (last_trace_width 0.25)
    (trace_clearance 0.2)
    (zone_clearance 0.508)
    (zone_45_only no)
    (trace_min 0.2)
    (segment_width 0.2)
    (edge_width 0.15)
    (via_size 0.8)
    (via_drill 0.4)
    (via_min_size 0.4)
    (via_min_drill 0.3)
    (uvia_size 0.3)
    (uvia_drill 0.1)
    (uvias_allowed no)
    (uvia_min_size 0.2)
    (uvia_min_drill 0.1)
    (pcb_text_width 0.3)
    (pcb_text_size 1.5 1.5)
    (mod_edge_width 0.15)
    (mod_text_size 1 1)
    (mod_text_width 0.15)
    (pad_size 1.524 1.524)
    (pad_drill 0.762)
    (pad_to_mask_clearance 0.051)
    (solder_mask_min_width 0.25)
    (aux_axis_origin 0 0)
    (visible_elements FFFFFF7F)
    (pcbplotparams
      (layerselection 0x010fc_ffffffff)
      (usegerberextensions false)
      (usegerberattributes false)
      (usegerberadvancedattributes false)
      (creategerberjobfile false)
      (excludeedgelayer true)
      (linewidth 0.100000)
      (plotframeref false)
      (viasonmask false)
      (mode 1)
      (useauxorigin false)
      (hpglpennumber 1)
      (hpglpenspeed 20)
      (hpglpendiameter 15.000000)
      (psnegative false)
      (psa4output false)
      (plotreference true)
      (plotvalue true)
      (plotinvisibletext false)
      (padsonsilk false)
      (subtractmaskfromsilk false)
      (outputformat 1)
      (mirror false)
      (drillshape 1)
      (scaleselection 1)
      (outputdirectory ""))
  )

  (net 0 "")
  (net 1 "Net-(BZ1-Pad1)")
  (net 2 GND)
  (net 3 /~RST)
  (net 4 VCC)
  (net 5 /DB7)
  (net 6 /SCK)
  (net 7 /DB6)
  (net 8 "Net-(R2-Pad1)")
  (net 9 "Net-(R4-Pad1)")
  (net 10 "Net-(R5-Pad2)")
  (net 11 "Net-(R6-Pad2)")
  (net 12 "Net-(RV1-Pad2)")
  (net 13 "Net-(SW1-Pad1)")
  (net 14 /RS)
  (net 15 /R\~W)
  (net 16 /E)
  (net 17 /DB4)
  (net 18 /DB5)

  (net_class Default "This is the default net class."
    (clearance 0.2)
    (trace_width 0.25)
    (via_dia 0.8)
    (via_drill 0.4)
    (uvia_dia 0.3)
    (uvia_drill 0.1)
    (add_net /DB4)
    (add_net /DB5)
    (add_net /DB6)
    (add_net /DB7)
    (add_net /E)
    (add_net /RS)
    (add_net /R\~W)
    (add_net /SCK)
    (add_net /~RST)
    (add_net GND)
    (add_net "Net-(BZ1-Pad1)")
    (add_net "Net-(R2-Pad1)")
    (add_net "Net-(R4-Pad1)")
    (add_net "Net-(R5-Pad2)")
    (add_net "Net-(R6-Pad2)")
    (add_net "Net-(RV1-Pad2)")
    (add_net "Net-(SW1-Pad1)")
    (add_net VCC)
  )

  (module Capacitor_SMD:C_0805_2012Metric_Pad1.15x1.40mm_HandSolder (layer F.Cu) (tedit 5B36C52B) (tstamp 5D976CE4)
    (at 54.5555 58.674 180)
    (descr "Capacitor SMD 0805 (2012 Metric), square (rectangular) end terminal, IPC_7351 nominal with elongated pad for handsoldering. (Body size source: https://docs.google.com/spreadsheets/d/1BsfQQcO9C6DZCsRaXUlFlo91Tg2WpOkGARC1WS5S8t0/edit?usp=sharing), generated with kicad-footprint-generator")
    (tags "capacitor handsolder")
    (path /5D8AE78E)
    (attr smd)
    (fp_text reference C1 (at 0 -1.65 180) (layer F.SilkS)
      (effects (font (size 1 1) (thickness 0.15)))
    )
    (fp_text value 100n (at 0 1.65 180) (layer F.Fab)
      (effects (font (size 1 1) (thickness 0.15)))
    )
    (fp_line (start -1 0.6) (end -1 -0.6) (layer F.Fab) (width 0.1))
    (fp_line (start -1 -0.6) (end 1 -0.6) (layer F.Fab) (width 0.1))
    (fp_line (start 1 -0.6) (end 1 0.6) (layer F.Fab) (width 0.1))
    (fp_line (start 1 0.6) (end -1 0.6) (layer F.Fab) (width 0.1))
    (fp_line (start -0.261252 -0.71) (end 0.261252 -0.71) (layer F.SilkS) (width 0.12))
    (fp_line (start -0.261252 0.71) (end 0.261252 0.71) (layer F.SilkS) (width 0.12))
    (fp_line (start -1.85 0.95) (end -1.85 -0.95) (layer F.CrtYd) (width 0.05))
    (fp_line (start -1.85 -0.95) (end 1.85 -0.95) (layer F.CrtYd) (width 0.05))
    (fp_line (start 1.85 -0.95) (end 1.85 0.95) (layer F.CrtYd) (width 0.05))
    (fp_line (start 1.85 0.95) (end -1.85 0.95) (layer F.CrtYd) (width 0.05))
    (fp_text user %R (at 0 0 180) (layer F.Fab)
      (effects (font (size 0.5 0.5) (thickness 0.08)))
    )
    (pad 1 smd roundrect (at -1.025 0 180) (size 1.15 1.4) (layers F.Cu F.Paste F.Mask) (roundrect_rratio 0.217391)
      (net 3 /~RST))
    (pad 2 smd roundrect (at 1.025 0 180) (size 1.15 1.4) (layers F.Cu F.Paste F.Mask) (roundrect_rratio 0.217391)
      (net 2 GND))
    (model ${KISYS3DMOD}/Capacitor_SMD.3dshapes/C_0805_2012Metric.wrl
      (at (xyz 0 0 0))
      (scale (xyz 1 1 1))
      (rotate (xyz 0 0 0))
    )
  )

  (module Capacitor_SMD:C_0805_2012Metric_Pad1.15x1.40mm_HandSolder (layer F.Cu) (tedit 5B36C52B) (tstamp 5D976CF5)
    (at 52.451 30.48 180)
    (descr "Capacitor SMD 0805 (2012 Metric), square (rectangular) end terminal, IPC_7351 nominal with elongated pad for handsoldering. (Body size source: https://docs.google.com/spreadsheets/d/1BsfQQcO9C6DZCsRaXUlFlo91Tg2WpOkGARC1WS5S8t0/edit?usp=sharing), generated with kicad-footprint-generator")
    (tags "capacitor handsolder")
    (path /5D8AE4DC)
    (attr smd)
    (fp_text reference C2 (at 0 -1.65 180) (layer F.SilkS)
      (effects (font (size 1 1) (thickness 0.15)))
    )
    (fp_text value 100n (at 0 1.65 180) (layer F.Fab)
      (effects (font (size 1 1) (thickness 0.15)))
    )
    (fp_text user %R (at 0 0 180) (layer F.Fab)
      (effects (font (size 0.5 0.5) (thickness 0.08)))
    )
    (fp_line (start 1.85 0.95) (end -1.85 0.95) (layer F.CrtYd) (width 0.05))
    (fp_line (start 1.85 -0.95) (end 1.85 0.95) (layer F.CrtYd) (width 0.05))
    (fp_line (start -1.85 -0.95) (end 1.85 -0.95) (layer F.CrtYd) (width 0.05))
    (fp_line (start -1.85 0.95) (end -1.85 -0.95) (layer F.CrtYd) (width 0.05))
    (fp_line (start -0.261252 0.71) (end 0.261252 0.71) (layer F.SilkS) (width 0.12))
    (fp_line (start -0.261252 -0.71) (end 0.261252 -0.71) (layer F.SilkS) (width 0.12))
    (fp_line (start 1 0.6) (end -1 0.6) (layer F.Fab) (width 0.1))
    (fp_line (start 1 -0.6) (end 1 0.6) (layer F.Fab) (width 0.1))
    (fp_line (start -1 -0.6) (end 1 -0.6) (layer F.Fab) (width 0.1))
    (fp_line (start -1 0.6) (end -1 -0.6) (layer F.Fab) (width 0.1))
    (pad 2 smd roundrect (at 1.025 0 180) (size 1.15 1.4) (layers F.Cu F.Paste F.Mask) (roundrect_rratio 0.217391)
      (net 2 GND))
    (pad 1 smd roundrect (at -1.025 0 180) (size 1.15 1.4) (layers F.Cu F.Paste F.Mask) (roundrect_rratio 0.217391)
      (net 4 VCC))
    (model ${KISYS3DMOD}/Capacitor_SMD.3dshapes/C_0805_2012Metric.wrl
      (at (xyz 0 0 0))
      (scale (xyz 1 1 1))
      (rotate (xyz 0 0 0))
    )
  )

  (module Capacitor_THT:CP_Radial_D5.0mm_P2.50mm (layer F.Cu) (tedit 5AE50EF0) (tstamp 5D976D79)
    (at 57.0865 29.1465 90)
    (descr "CP, Radial series, Radial, pin pitch=2.50mm, , diameter=5mm, Electrolytic Capacitor")
    (tags "CP Radial series Radial pin pitch 2.50mm  diameter 5mm Electrolytic Capacitor")
    (path /5D8AE5A3)
    (fp_text reference C3 (at 1.25 -3.75 90) (layer F.SilkS)
      (effects (font (size 1 1) (thickness 0.15)))
    )
    (fp_text value 100u (at 1.25 3.75 90) (layer F.Fab)
      (effects (font (size 1 1) (thickness 0.15)))
    )
    (fp_circle (center 1.25 0) (end 3.75 0) (layer F.Fab) (width 0.1))
    (fp_circle (center 1.25 0) (end 3.87 0) (layer F.SilkS) (width 0.12))
    (fp_circle (center 1.25 0) (end 4 0) (layer F.CrtYd) (width 0.05))
    (fp_line (start -0.883605 -1.0875) (end -0.383605 -1.0875) (layer F.Fab) (width 0.1))
    (fp_line (start -0.633605 -1.3375) (end -0.633605 -0.8375) (layer F.Fab) (width 0.1))
    (fp_line (start 1.25 -2.58) (end 1.25 2.58) (layer F.SilkS) (width 0.12))
    (fp_line (start 1.29 -2.58) (end 1.29 2.58) (layer F.SilkS) (width 0.12))
    (fp_line (start 1.33 -2.579) (end 1.33 2.579) (layer F.SilkS) (width 0.12))
    (fp_line (start 1.37 -2.578) (end 1.37 2.578) (layer F.SilkS) (width 0.12))
    (fp_line (start 1.41 -2.576) (end 1.41 2.576) (layer F.SilkS) (width 0.12))
    (fp_line (start 1.45 -2.573) (end 1.45 2.573) (layer F.SilkS) (width 0.12))
    (fp_line (start 1.49 -2.569) (end 1.49 -1.04) (layer F.SilkS) (width 0.12))
    (fp_line (start 1.49 1.04) (end 1.49 2.569) (layer F.SilkS) (width 0.12))
    (fp_line (start 1.53 -2.565) (end 1.53 -1.04) (layer F.SilkS) (width 0.12))
    (fp_line (start 1.53 1.04) (end 1.53 2.565) (layer F.SilkS) (width 0.12))
    (fp_line (start 1.57 -2.561) (end 1.57 -1.04) (layer F.SilkS) (width 0.12))
    (fp_line (start 1.57 1.04) (end 1.57 2.561) (layer F.SilkS) (width 0.12))
    (fp_line (start 1.61 -2.556) (end 1.61 -1.04) (layer F.SilkS) (width 0.12))
    (fp_line (start 1.61 1.04) (end 1.61 2.556) (layer F.SilkS) (width 0.12))
    (fp_line (start 1.65 -2.55) (end 1.65 -1.04) (layer F.SilkS) (width 0.12))
    (fp_line (start 1.65 1.04) (end 1.65 2.55) (layer F.SilkS) (width 0.12))
    (fp_line (start 1.69 -2.543) (end 1.69 -1.04) (layer F.SilkS) (width 0.12))
    (fp_line (start 1.69 1.04) (end 1.69 2.543) (layer F.SilkS) (width 0.12))
    (fp_line (start 1.73 -2.536) (end 1.73 -1.04) (layer F.SilkS) (width 0.12))
    (fp_line (start 1.73 1.04) (end 1.73 2.536) (layer F.SilkS) (width 0.12))
    (fp_line (start 1.77 -2.528) (end 1.77 -1.04) (layer F.SilkS) (width 0.12))
    (fp_line (start 1.77 1.04) (end 1.77 2.528) (layer F.SilkS) (width 0.12))
    (fp_line (start 1.81 -2.52) (end 1.81 -1.04) (layer F.SilkS) (width 0.12))
    (fp_line (start 1.81 1.04) (end 1.81 2.52) (layer F.SilkS) (width 0.12))
    (fp_line (start 1.85 -2.511) (end 1.85 -1.04) (layer F.SilkS) (width 0.12))
    (fp_line (start 1.85 1.04) (end 1.85 2.511) (layer F.SilkS) (width 0.12))
    (fp_line (start 1.89 -2.501) (end 1.89 -1.04) (layer F.SilkS) (width 0.12))
    (fp_line (start 1.89 1.04) (end 1.89 2.501) (layer F.SilkS) (width 0.12))
    (fp_line (start 1.93 -2.491) (end 1.93 -1.04) (layer F.SilkS) (width 0.12))
    (fp_line (start 1.93 1.04) (end 1.93 2.491) (layer F.SilkS) (width 0.12))
    (fp_line (start 1.971 -2.48) (end 1.971 -1.04) (layer F.SilkS) (width 0.12))
    (fp_line (start 1.971 1.04) (end 1.971 2.48) (layer F.SilkS) (width 0.12))
    (fp_line (start 2.011 -2.468) (end 2.011 -1.04) (layer F.SilkS) (width 0.12))
    (fp_line (start 2.011 1.04) (end 2.011 2.468) (layer F.SilkS) (width 0.12))
    (fp_line (start 2.051 -2.455) (end 2.051 -1.04) (layer F.SilkS) (width 0.12))
    (fp_line (start 2.051 1.04) (end 2.051 2.455) (layer F.SilkS) (width 0.12))
    (fp_line (start 2.091 -2.442) (end 2.091 -1.04) (layer F.SilkS) (width 0.12))
    (fp_line (start 2.091 1.04) (end 2.091 2.442) (layer F.SilkS) (width 0.12))
    (fp_line (start 2.131 -2.428) (end 2.131 -1.04) (layer F.SilkS) (width 0.12))
    (fp_line (start 2.131 1.04) (end 2.131 2.428) (layer F.SilkS) (width 0.12))
    (fp_line (start 2.171 -2.414) (end 2.171 -1.04) (layer F.SilkS) (width 0.12))
    (fp_line (start 2.171 1.04) (end 2.171 2.414) (layer F.SilkS) (width 0.12))
    (fp_line (start 2.211 -2.398) (end 2.211 -1.04) (layer F.SilkS) (width 0.12))
    (fp_line (start 2.211 1.04) (end 2.211 2.398) (layer F.SilkS) (width 0.12))
    (fp_line (start 2.251 -2.382) (end 2.251 -1.04) (layer F.SilkS) (width 0.12))
    (fp_line (start 2.251 1.04) (end 2.251 2.382) (layer F.SilkS) (width 0.12))
    (fp_line (start 2.291 -2.365) (end 2.291 -1.04) (layer F.SilkS) (width 0.12))
    (fp_line (start 2.291 1.04) (end 2.291 2.365) (layer F.SilkS) (width 0.12))
    (fp_line (start 2.331 -2.348) (end 2.331 -1.04) (layer F.SilkS) (width 0.12))
    (fp_line (start 2.331 1.04) (end 2.331 2.348) (layer F.SilkS) (width 0.12))
    (fp_line (start 2.371 -2.329) (end 2.371 -1.04) (layer F.SilkS) (width 0.12))
    (fp_line (start 2.371 1.04) (end 2.371 2.329) (layer F.SilkS) (width 0.12))
    (fp_line (start 2.411 -2.31) (end 2.411 -1.04) (layer F.SilkS) (width 0.12))
    (fp_line (start 2.411 1.04) (end 2.411 2.31) (layer F.SilkS) (width 0.12))
    (fp_line (start 2.451 -2.29) (end 2.451 -1.04) (layer F.SilkS) (width 0.12))
    (fp_line (start 2.451 1.04) (end 2.451 2.29) (layer F.SilkS) (width 0.12))
    (fp_line (start 2.491 -2.268) (end 2.491 -1.04) (layer F.SilkS) (width 0.12))
    (fp_line (start 2.491 1.04) (end 2.491 2.268) (layer F.SilkS) (width 0.12))
    (fp_line (start 2.531 -2.247) (end 2.531 -1.04) (layer F.SilkS) (width 0.12))
    (fp_line (start 2.531 1.04) (end 2.531 2.247) (layer F.SilkS) (width 0.12))
    (fp_line (start 2.571 -2.224) (end 2.571 -1.04) (layer F.SilkS) (width 0.12))
    (fp_line (start 2.571 1.04) (end 2.571 2.224) (layer F.SilkS) (width 0.12))
    (fp_line (start 2.611 -2.2) (end 2.611 -1.04) (layer F.SilkS) (width 0.12))
    (fp_line (start 2.611 1.04) (end 2.611 2.2) (layer F.SilkS) (width 0.12))
    (fp_line (start 2.651 -2.175) (end 2.651 -1.04) (layer F.SilkS) (width 0.12))
    (fp_line (start 2.651 1.04) (end 2.651 2.175) (layer F.SilkS) (width 0.12))
    (fp_line (start 2.691 -2.149) (end 2.691 -1.04) (layer F.SilkS) (width 0.12))
    (fp_line (start 2.691 1.04) (end 2.691 2.149) (layer F.SilkS) (width 0.12))
    (fp_line (start 2.731 -2.122) (end 2.731 -1.04) (layer F.SilkS) (width 0.12))
    (fp_line (start 2.731 1.04) (end 2.731 2.122) (layer F.SilkS) (width 0.12))
    (fp_line (start 2.771 -2.095) (end 2.771 -1.04) (layer F.SilkS) (width 0.12))
    (fp_line (start 2.771 1.04) (end 2.771 2.095) (layer F.SilkS) (width 0.12))
    (fp_line (start 2.811 -2.065) (end 2.811 -1.04) (layer F.SilkS) (width 0.12))
    (fp_line (start 2.811 1.04) (end 2.811 2.065) (layer F.SilkS) (width 0.12))
    (fp_line (start 2.851 -2.035) (end 2.851 -1.04) (layer F.SilkS) (width 0.12))
    (fp_line (start 2.851 1.04) (end 2.851 2.035) (layer F.SilkS) (width 0.12))
    (fp_line (start 2.891 -2.004) (end 2.891 -1.04) (layer F.SilkS) (width 0.12))
    (fp_line (start 2.891 1.04) (end 2.891 2.004) (layer F.SilkS) (width 0.12))
    (fp_line (start 2.931 -1.971) (end 2.931 -1.04) (layer F.SilkS) (width 0.12))
    (fp_line (start 2.931 1.04) (end 2.931 1.971) (layer F.SilkS) (width 0.12))
    (fp_line (start 2.971 -1.937) (end 2.971 -1.04) (layer F.SilkS) (width 0.12))
    (fp_line (start 2.971 1.04) (end 2.971 1.937) (layer F.SilkS) (width 0.12))
    (fp_line (start 3.011 -1.901) (end 3.011 -1.04) (layer F.SilkS) (width 0.12))
    (fp_line (start 3.011 1.04) (end 3.011 1.901) (layer F.SilkS) (width 0.12))
    (fp_line (start 3.051 -1.864) (end 3.051 -1.04) (layer F.SilkS) (width 0.12))
    (fp_line (start 3.051 1.04) (end 3.051 1.864) (layer F.SilkS) (width 0.12))
    (fp_line (start 3.091 -1.826) (end 3.091 -1.04) (layer F.SilkS) (width 0.12))
    (fp_line (start 3.091 1.04) (end 3.091 1.826) (layer F.SilkS) (width 0.12))
    (fp_line (start 3.131 -1.785) (end 3.131 -1.04) (layer F.SilkS) (width 0.12))
    (fp_line (start 3.131 1.04) (end 3.131 1.785) (layer F.SilkS) (width 0.12))
    (fp_line (start 3.171 -1.743) (end 3.171 -1.04) (layer F.SilkS) (width 0.12))
    (fp_line (start 3.171 1.04) (end 3.171 1.743) (layer F.SilkS) (width 0.12))
    (fp_line (start 3.211 -1.699) (end 3.211 -1.04) (layer F.SilkS) (width 0.12))
    (fp_line (start 3.211 1.04) (end 3.211 1.699) (layer F.SilkS) (width 0.12))
    (fp_line (start 3.251 -1.653) (end 3.251 -1.04) (layer F.SilkS) (width 0.12))
    (fp_line (start 3.251 1.04) (end 3.251 1.653) (layer F.SilkS) (width 0.12))
    (fp_line (start 3.291 -1.605) (end 3.291 -1.04) (layer F.SilkS) (width 0.12))
    (fp_line (start 3.291 1.04) (end 3.291 1.605) (layer F.SilkS) (width 0.12))
    (fp_line (start 3.331 -1.554) (end 3.331 -1.04) (layer F.SilkS) (width 0.12))
    (fp_line (start 3.331 1.04) (end 3.331 1.554) (layer F.SilkS) (width 0.12))
    (fp_line (start 3.371 -1.5) (end 3.371 -1.04) (layer F.SilkS) (width 0.12))
    (fp_line (start 3.371 1.04) (end 3.371 1.5) (layer F.SilkS) (width 0.12))
    (fp_line (start 3.411 -1.443) (end 3.411 -1.04) (layer F.SilkS) (width 0.12))
    (fp_line (start 3.411 1.04) (end 3.411 1.443) (layer F.SilkS) (width 0.12))
    (fp_line (start 3.451 -1.383) (end 3.451 -1.04) (layer F.SilkS) (width 0.12))
    (fp_line (start 3.451 1.04) (end 3.451 1.383) (layer F.SilkS) (width 0.12))
    (fp_line (start 3.491 -1.319) (end 3.491 -1.04) (layer F.SilkS) (width 0.12))
    (fp_line (start 3.491 1.04) (end 3.491 1.319) (layer F.SilkS) (width 0.12))
    (fp_line (start 3.531 -1.251) (end 3.531 -1.04) (layer F.SilkS) (width 0.12))
    (fp_line (start 3.531 1.04) (end 3.531 1.251) (layer F.SilkS) (width 0.12))
    (fp_line (start 3.571 -1.178) (end 3.571 1.178) (layer F.SilkS) (width 0.12))
    (fp_line (start 3.611 -1.098) (end 3.611 1.098) (layer F.SilkS) (width 0.12))
    (fp_line (start 3.651 -1.011) (end 3.651 1.011) (layer F.SilkS) (width 0.12))
    (fp_line (start 3.691 -0.915) (end 3.691 0.915) (layer F.SilkS) (width 0.12))
    (fp_line (start 3.731 -0.805) (end 3.731 0.805) (layer F.SilkS) (width 0.12))
    (fp_line (start 3.771 -0.677) (end 3.771 0.677) (layer F.SilkS) (width 0.12))
    (fp_line (start 3.811 -0.518) (end 3.811 0.518) (layer F.SilkS) (width 0.12))
    (fp_line (start 3.851 -0.284) (end 3.851 0.284) (layer F.SilkS) (width 0.12))
    (fp_line (start -1.554775 -1.475) (end -1.054775 -1.475) (layer F.SilkS) (width 0.12))
    (fp_line (start -1.304775 -1.725) (end -1.304775 -1.225) (layer F.SilkS) (width 0.12))
    (fp_text user %R (at 1.25 0 90) (layer F.Fab)
      (effects (font (size 1 1) (thickness 0.15)))
    )
    (pad 1 thru_hole rect (at 0 0 90) (size 1.6 1.6) (drill 0.8) (layers *.Cu *.Mask)
      (net 4 VCC))
    (pad 2 thru_hole circle (at 2.5 0 90) (size 1.6 1.6) (drill 0.8) (layers *.Cu *.Mask)
      (net 2 GND))
    (model ${KISYS3DMOD}/Capacitor_THT.3dshapes/CP_Radial_D5.0mm_P2.50mm.wrl
      (at (xyz 0 0 0))
      (scale (xyz 1 1 1))
      (rotate (xyz 0 0 0))
    )
  )

  (module MountingHole:MountingHole_2.2mm_M2 (layer F.Cu) (tedit 56D1B4CB) (tstamp 5D976D81)
    (at 62.992 65.024)
    (descr "Mounting Hole 2.2mm, no annular, M2")
    (tags "mounting hole 2.2mm no annular m2")
    (path /5D8AE852)
    (attr virtual)
    (fp_text reference H1 (at 0 -3.2) (layer F.SilkS)
      (effects (font (size 1 1) (thickness 0.15)))
    )
    (fp_text value MountingHole (at 0 3.2) (layer F.Fab)
      (effects (font (size 1 1) (thickness 0.15)))
    )
    (fp_text user %R (at 0.3 0) (layer F.Fab)
      (effects (font (size 1 1) (thickness 0.15)))
    )
    (fp_circle (center 0 0) (end 2.2 0) (layer Cmts.User) (width 0.15))
    (fp_circle (center 0 0) (end 2.45 0) (layer F.CrtYd) (width 0.05))
    (pad 1 np_thru_hole circle (at 0 0) (size 2.2 2.2) (drill 2.2) (layers *.Cu *.Mask))
  )

  (module MountingHole:MountingHole_2.2mm_M2 (layer F.Cu) (tedit 56D1B4CB) (tstamp 5D976D89)
    (at 62.992 27.94)
    (descr "Mounting Hole 2.2mm, no annular, M2")
    (tags "mounting hole 2.2mm no annular m2")
    (path /5D8AE9D6)
    (attr virtual)
    (fp_text reference H2 (at 0 -3.2) (layer F.SilkS)
      (effects (font (size 1 1) (thickness 0.15)))
    )
    (fp_text value MountingHole (at 0 3.2) (layer F.Fab)
      (effects (font (size 1 1) (thickness 0.15)))
    )
    (fp_circle (center 0 0) (end 2.45 0) (layer F.CrtYd) (width 0.05))
    (fp_circle (center 0 0) (end 2.2 0) (layer Cmts.User) (width 0.15))
    (fp_text user %R (at 0.3 0) (layer F.Fab)
      (effects (font (size 1 1) (thickness 0.15)))
    )
    (pad 1 np_thru_hole circle (at 0 0) (size 2.2 2.2) (drill 2.2) (layers *.Cu *.Mask))
  )

  (module Resistor_SMD:R_0805_2012Metric_Pad1.15x1.40mm_HandSolder (layer F.Cu) (tedit 5B36C52B) (tstamp 5D976DA5)
    (at 54.5555 61.2775)
    (descr "Resistor SMD 0805 (2012 Metric), square (rectangular) end terminal, IPC_7351 nominal with elongated pad for handsoldering. (Body size source: https://docs.google.com/spreadsheets/d/1BsfQQcO9C6DZCsRaXUlFlo91Tg2WpOkGARC1WS5S8t0/edit?usp=sharing), generated with kicad-footprint-generator")
    (tags "resistor handsolder")
    (path /5D8AE425)
    (attr smd)
    (fp_text reference R1 (at 0 -1.65) (layer F.SilkS)
      (effects (font (size 1 1) (thickness 0.15)))
    )
    (fp_text value 1k (at 0 1.65) (layer F.Fab)
      (effects (font (size 1 1) (thickness 0.15)))
    )
    (fp_text user %R (at 0 0) (layer F.Fab)
      (effects (font (size 0.5 0.5) (thickness 0.08)))
    )
    (fp_line (start 1.85 0.95) (end -1.85 0.95) (layer F.CrtYd) (width 0.05))
    (fp_line (start 1.85 -0.95) (end 1.85 0.95) (layer F.CrtYd) (width 0.05))
    (fp_line (start -1.85 -0.95) (end 1.85 -0.95) (layer F.CrtYd) (width 0.05))
    (fp_line (start -1.85 0.95) (end -1.85 -0.95) (layer F.CrtYd) (width 0.05))
    (fp_line (start -0.261252 0.71) (end 0.261252 0.71) (layer F.SilkS) (width 0.12))
    (fp_line (start -0.261252 -0.71) (end 0.261252 -0.71) (layer F.SilkS) (width 0.12))
    (fp_line (start 1 0.6) (end -1 0.6) (layer F.Fab) (width 0.1))
    (fp_line (start 1 -0.6) (end 1 0.6) (layer F.Fab) (width 0.1))
    (fp_line (start -1 -0.6) (end 1 -0.6) (layer F.Fab) (width 0.1))
    (fp_line (start -1 0.6) (end -1 -0.6) (layer F.Fab) (width 0.1))
    (pad 2 smd roundrect (at 1.025 0) (size 1.15 1.4) (layers F.Cu F.Paste F.Mask) (roundrect_rratio 0.217391)
      (net 3 /~RST))
    (pad 1 smd roundrect (at -1.025 0) (size 1.15 1.4) (layers F.Cu F.Paste F.Mask) (roundrect_rratio 0.217391)
      (net 4 VCC))
    (model ${KISYS3DMOD}/Resistor_SMD.3dshapes/R_0805_2012Metric.wrl
      (at (xyz 0 0 0))
      (scale (xyz 1 1 1))
      (rotate (xyz 0 0 0))
    )
  )

  (module Resistor_SMD:R_0805_2012Metric_Pad1.15x1.40mm_HandSolder (layer F.Cu) (tedit 5B36C52B) (tstamp 5D976DB6)
    (at 61.976 41.4655)
    (descr "Resistor SMD 0805 (2012 Metric), square (rectangular) end terminal, IPC_7351 nominal with elongated pad for handsoldering. (Body size source: https://docs.google.com/spreadsheets/d/1BsfQQcO9C6DZCsRaXUlFlo91Tg2WpOkGARC1WS5S8t0/edit?usp=sharing), generated with kicad-footprint-generator")
    (tags "resistor handsolder")
    (path /5D8B062D)
    (attr smd)
    (fp_text reference R2 (at 0 -1.65) (layer F.SilkS)
      (effects (font (size 1 1) (thickness 0.15)))
    )
    (fp_text value 100 (at 0 1.65) (layer F.Fab)
      (effects (font (size 1 1) (thickness 0.15)))
    )
    (fp_line (start -1 0.6) (end -1 -0.6) (layer F.Fab) (width 0.1))
    (fp_line (start -1 -0.6) (end 1 -0.6) (layer F.Fab) (width 0.1))
    (fp_line (start 1 -0.6) (end 1 0.6) (layer F.Fab) (width 0.1))
    (fp_line (start 1 0.6) (end -1 0.6) (layer F.Fab) (width 0.1))
    (fp_line (start -0.261252 -0.71) (end 0.261252 -0.71) (layer F.SilkS) (width 0.12))
    (fp_line (start -0.261252 0.71) (end 0.261252 0.71) (layer F.SilkS) (width 0.12))
    (fp_line (start -1.85 0.95) (end -1.85 -0.95) (layer F.CrtYd) (width 0.05))
    (fp_line (start -1.85 -0.95) (end 1.85 -0.95) (layer F.CrtYd) (width 0.05))
    (fp_line (start 1.85 -0.95) (end 1.85 0.95) (layer F.CrtYd) (width 0.05))
    (fp_line (start 1.85 0.95) (end -1.85 0.95) (layer F.CrtYd) (width 0.05))
    (fp_text user %R (at 0 0) (layer F.Fab)
      (effects (font (size 0.5 0.5) (thickness 0.08)))
    )
    (pad 1 smd roundrect (at -1.025 0) (size 1.15 1.4) (layers F.Cu F.Paste F.Mask) (roundrect_rratio 0.217391)
      (net 8 "Net-(R2-Pad1)"))
    (pad 2 smd roundrect (at 1.025 0) (size 1.15 1.4) (layers F.Cu F.Paste F.Mask) (roundrect_rratio 0.217391)
      (net 1 "Net-(BZ1-Pad1)"))
    (model ${KISYS3DMOD}/Resistor_SMD.3dshapes/R_0805_2012Metric.wrl
      (at (xyz 0 0 0))
      (scale (xyz 1 1 1))
      (rotate (xyz 0 0 0))
    )
  )

  (module Resistor_SMD:R_0805_2012Metric_Pad1.15x1.40mm_HandSolder (layer F.Cu) (tedit 5B36C52B) (tstamp 5D976DC7)
    (at 61.976 39.116 180)
    (descr "Resistor SMD 0805 (2012 Metric), square (rectangular) end terminal, IPC_7351 nominal with elongated pad for handsoldering. (Body size source: https://docs.google.com/spreadsheets/d/1BsfQQcO9C6DZCsRaXUlFlo91Tg2WpOkGARC1WS5S8t0/edit?usp=sharing), generated with kicad-footprint-generator")
    (tags "resistor handsolder")
    (path /5D8B078A)
    (attr smd)
    (fp_text reference R3 (at 0 -1.65 180) (layer F.SilkS)
      (effects (font (size 1 1) (thickness 0.15)))
    )
    (fp_text value 1k (at 0 1.65 180) (layer F.Fab)
      (effects (font (size 1 1) (thickness 0.15)))
    )
    (fp_text user %R (at 0 0 180) (layer F.Fab)
      (effects (font (size 0.5 0.5) (thickness 0.08)))
    )
    (fp_line (start 1.85 0.95) (end -1.85 0.95) (layer F.CrtYd) (width 0.05))
    (fp_line (start 1.85 -0.95) (end 1.85 0.95) (layer F.CrtYd) (width 0.05))
    (fp_line (start -1.85 -0.95) (end 1.85 -0.95) (layer F.CrtYd) (width 0.05))
    (fp_line (start -1.85 0.95) (end -1.85 -0.95) (layer F.CrtYd) (width 0.05))
    (fp_line (start -0.261252 0.71) (end 0.261252 0.71) (layer F.SilkS) (width 0.12))
    (fp_line (start -0.261252 -0.71) (end 0.261252 -0.71) (layer F.SilkS) (width 0.12))
    (fp_line (start 1 0.6) (end -1 0.6) (layer F.Fab) (width 0.1))
    (fp_line (start 1 -0.6) (end 1 0.6) (layer F.Fab) (width 0.1))
    (fp_line (start -1 -0.6) (end 1 -0.6) (layer F.Fab) (width 0.1))
    (fp_line (start -1 0.6) (end -1 -0.6) (layer F.Fab) (width 0.1))
    (pad 2 smd roundrect (at 1.025 0 180) (size 1.15 1.4) (layers F.Cu F.Paste F.Mask) (roundrect_rratio 0.217391)
      (net 2 GND))
    (pad 1 smd roundrect (at -1.025 0 180) (size 1.15 1.4) (layers F.Cu F.Paste F.Mask) (roundrect_rratio 0.217391)
      (net 1 "Net-(BZ1-Pad1)"))
    (model ${KISYS3DMOD}/Resistor_SMD.3dshapes/R_0805_2012Metric.wrl
      (at (xyz 0 0 0))
      (scale (xyz 1 1 1))
      (rotate (xyz 0 0 0))
    )
  )

  (module Resistor_SMD:R_0805_2012Metric_Pad1.15x1.40mm_HandSolder (layer F.Cu) (tedit 5B36C52B) (tstamp 5D976DD8)
    (at 59.182 58.6105)
    (descr "Resistor SMD 0805 (2012 Metric), square (rectangular) end terminal, IPC_7351 nominal with elongated pad for handsoldering. (Body size source: https://docs.google.com/spreadsheets/d/1BsfQQcO9C6DZCsRaXUlFlo91Tg2WpOkGARC1WS5S8t0/edit?usp=sharing), generated with kicad-footprint-generator")
    (tags "resistor handsolder")
    (path /5D8B2001)
    (attr smd)
    (fp_text reference R4 (at 0 -1.65) (layer F.SilkS)
      (effects (font (size 1 1) (thickness 0.15)))
    )
    (fp_text value 470 (at 0 1.65) (layer F.Fab)
      (effects (font (size 1 1) (thickness 0.15)))
    )
    (fp_line (start -1 0.6) (end -1 -0.6) (layer F.Fab) (width 0.1))
    (fp_line (start -1 -0.6) (end 1 -0.6) (layer F.Fab) (width 0.1))
    (fp_line (start 1 -0.6) (end 1 0.6) (layer F.Fab) (width 0.1))
    (fp_line (start 1 0.6) (end -1 0.6) (layer F.Fab) (width 0.1))
    (fp_line (start -0.261252 -0.71) (end 0.261252 -0.71) (layer F.SilkS) (width 0.12))
    (fp_line (start -0.261252 0.71) (end 0.261252 0.71) (layer F.SilkS) (width 0.12))
    (fp_line (start -1.85 0.95) (end -1.85 -0.95) (layer F.CrtYd) (width 0.05))
    (fp_line (start -1.85 -0.95) (end 1.85 -0.95) (layer F.CrtYd) (width 0.05))
    (fp_line (start 1.85 -0.95) (end 1.85 0.95) (layer F.CrtYd) (width 0.05))
    (fp_line (start 1.85 0.95) (end -1.85 0.95) (layer F.CrtYd) (width 0.05))
    (fp_text user %R (at 0 0) (layer F.Fab)
      (effects (font (size 0.5 0.5) (thickness 0.08)))
    )
    (pad 1 smd roundrect (at -1.025 0) (size 1.15 1.4) (layers F.Cu F.Paste F.Mask) (roundrect_rratio 0.217391)
      (net 9 "Net-(R4-Pad1)"))
    (pad 2 smd roundrect (at 1.025 0) (size 1.15 1.4) (layers F.Cu F.Paste F.Mask) (roundrect_rratio 0.217391)
      (net 2 GND))
    (model ${KISYS3DMOD}/Resistor_SMD.3dshapes/R_0805_2012Metric.wrl
      (at (xyz 0 0 0))
      (scale (xyz 1 1 1))
      (rotate (xyz 0 0 0))
    )
  )

  (module Resistor_SMD:R_0805_2012Metric_Pad1.15x1.40mm_HandSolder (layer F.Cu) (tedit 5B36C52B) (tstamp 5D976DE9)
    (at 49.784 61.849)
    (descr "Resistor SMD 0805 (2012 Metric), square (rectangular) end terminal, IPC_7351 nominal with elongated pad for handsoldering. (Body size source: https://docs.google.com/spreadsheets/d/1BsfQQcO9C6DZCsRaXUlFlo91Tg2WpOkGARC1WS5S8t0/edit?usp=sharing), generated with kicad-footprint-generator")
    (tags "resistor handsolder")
    (path /5D8BAF8F)
    (attr smd)
    (fp_text reference R5 (at 0 -1.65) (layer F.SilkS)
      (effects (font (size 1 1) (thickness 0.15)))
    )
    (fp_text value 100 (at 0 1.65) (layer F.Fab)
      (effects (font (size 1 1) (thickness 0.15)))
    )
    (fp_line (start -1 0.6) (end -1 -0.6) (layer F.Fab) (width 0.1))
    (fp_line (start -1 -0.6) (end 1 -0.6) (layer F.Fab) (width 0.1))
    (fp_line (start 1 -0.6) (end 1 0.6) (layer F.Fab) (width 0.1))
    (fp_line (start 1 0.6) (end -1 0.6) (layer F.Fab) (width 0.1))
    (fp_line (start -0.261252 -0.71) (end 0.261252 -0.71) (layer F.SilkS) (width 0.12))
    (fp_line (start -0.261252 0.71) (end 0.261252 0.71) (layer F.SilkS) (width 0.12))
    (fp_line (start -1.85 0.95) (end -1.85 -0.95) (layer F.CrtYd) (width 0.05))
    (fp_line (start -1.85 -0.95) (end 1.85 -0.95) (layer F.CrtYd) (width 0.05))
    (fp_line (start 1.85 -0.95) (end 1.85 0.95) (layer F.CrtYd) (width 0.05))
    (fp_line (start 1.85 0.95) (end -1.85 0.95) (layer F.CrtYd) (width 0.05))
    (fp_text user %R (at 0 0) (layer F.Fab)
      (effects (font (size 0.5 0.5) (thickness 0.08)))
    )
    (pad 1 smd roundrect (at -1.025 0) (size 1.15 1.4) (layers F.Cu F.Paste F.Mask) (roundrect_rratio 0.217391)
      (net 4 VCC))
    (pad 2 smd roundrect (at 1.025 0) (size 1.15 1.4) (layers F.Cu F.Paste F.Mask) (roundrect_rratio 0.217391)
      (net 10 "Net-(R5-Pad2)"))
    (model ${KISYS3DMOD}/Resistor_SMD.3dshapes/R_0805_2012Metric.wrl
      (at (xyz 0 0 0))
      (scale (xyz 1 1 1))
      (rotate (xyz 0 0 0))
    )
  )

  (module Resistor_SMD:R_0805_2012Metric_Pad1.15x1.40mm_HandSolder (layer F.Cu) (tedit 5B36C52B) (tstamp 5D976DFA)
    (at 48.7045 31.8135 270)
    (descr "Resistor SMD 0805 (2012 Metric), square (rectangular) end terminal, IPC_7351 nominal with elongated pad for handsoldering. (Body size source: https://docs.google.com/spreadsheets/d/1BsfQQcO9C6DZCsRaXUlFlo91Tg2WpOkGARC1WS5S8t0/edit?usp=sharing), generated with kicad-footprint-generator")
    (tags "resistor handsolder")
    (path /5D8B3F22)
    (attr smd)
    (fp_text reference R6 (at 0 -1.65 270) (layer F.SilkS)
      (effects (font (size 1 1) (thickness 0.15)))
    )
    (fp_text value 100k (at 0 1.65 270) (layer F.Fab)
      (effects (font (size 1 1) (thickness 0.15)))
    )
    (fp_text user %R (at 0 0 270) (layer F.Fab)
      (effects (font (size 0.5 0.5) (thickness 0.08)))
    )
    (fp_line (start 1.85 0.95) (end -1.85 0.95) (layer F.CrtYd) (width 0.05))
    (fp_line (start 1.85 -0.95) (end 1.85 0.95) (layer F.CrtYd) (width 0.05))
    (fp_line (start -1.85 -0.95) (end 1.85 -0.95) (layer F.CrtYd) (width 0.05))
    (fp_line (start -1.85 0.95) (end -1.85 -0.95) (layer F.CrtYd) (width 0.05))
    (fp_line (start -0.261252 0.71) (end 0.261252 0.71) (layer F.SilkS) (width 0.12))
    (fp_line (start -0.261252 -0.71) (end 0.261252 -0.71) (layer F.SilkS) (width 0.12))
    (fp_line (start 1 0.6) (end -1 0.6) (layer F.Fab) (width 0.1))
    (fp_line (start 1 -0.6) (end 1 0.6) (layer F.Fab) (width 0.1))
    (fp_line (start -1 -0.6) (end 1 -0.6) (layer F.Fab) (width 0.1))
    (fp_line (start -1 0.6) (end -1 -0.6) (layer F.Fab) (width 0.1))
    (pad 2 smd roundrect (at 1.025 0 270) (size 1.15 1.4) (layers F.Cu F.Paste F.Mask) (roundrect_rratio 0.217391)
      (net 11 "Net-(R6-Pad2)"))
    (pad 1 smd roundrect (at -1.025 0 270) (size 1.15 1.4) (layers F.Cu F.Paste F.Mask) (roundrect_rratio 0.217391)
      (net 4 VCC))
    (model ${KISYS3DMOD}/Resistor_SMD.3dshapes/R_0805_2012Metric.wrl
      (at (xyz 0 0 0))
      (scale (xyz 1 1 1))
      (rotate (xyz 0 0 0))
    )
  )

  (module Connector_PinHeader_2.54mm:PinHeader_1x03_P2.54mm_Vertical (layer F.Cu) (tedit 59FED5CC) (tstamp 5D976E11)
    (at 54.8005 65.2145 270)
    (descr "Through hole straight pin header, 1x03, 2.54mm pitch, single row")
    (tags "Through hole pin header THT 1x03 2.54mm single row")
    (path /5D8BAEC9)
    (fp_text reference RV1 (at 0 -2.33 270) (layer F.SilkS)
      (effects (font (size 1 1) (thickness 0.15)))
    )
    (fp_text value 1k (at 0 7.41 270) (layer F.Fab)
      (effects (font (size 1 1) (thickness 0.15)))
    )
    (fp_text user %R (at 0 2.54) (layer F.Fab)
      (effects (font (size 1 1) (thickness 0.15)))
    )
    (fp_line (start 1.8 -1.8) (end -1.8 -1.8) (layer F.CrtYd) (width 0.05))
    (fp_line (start 1.8 6.85) (end 1.8 -1.8) (layer F.CrtYd) (width 0.05))
    (fp_line (start -1.8 6.85) (end 1.8 6.85) (layer F.CrtYd) (width 0.05))
    (fp_line (start -1.8 -1.8) (end -1.8 6.85) (layer F.CrtYd) (width 0.05))
    (fp_line (start -1.33 -1.33) (end 0 -1.33) (layer F.SilkS) (width 0.12))
    (fp_line (start -1.33 0) (end -1.33 -1.33) (layer F.SilkS) (width 0.12))
    (fp_line (start -1.33 1.27) (end 1.33 1.27) (layer F.SilkS) (width 0.12))
    (fp_line (start 1.33 1.27) (end 1.33 6.41) (layer F.SilkS) (width 0.12))
    (fp_line (start -1.33 1.27) (end -1.33 6.41) (layer F.SilkS) (width 0.12))
    (fp_line (start -1.33 6.41) (end 1.33 6.41) (layer F.SilkS) (width 0.12))
    (fp_line (start -1.27 -0.635) (end -0.635 -1.27) (layer F.Fab) (width 0.1))
    (fp_line (start -1.27 6.35) (end -1.27 -0.635) (layer F.Fab) (width 0.1))
    (fp_line (start 1.27 6.35) (end -1.27 6.35) (layer F.Fab) (width 0.1))
    (fp_line (start 1.27 -1.27) (end 1.27 6.35) (layer F.Fab) (width 0.1))
    (fp_line (start -0.635 -1.27) (end 1.27 -1.27) (layer F.Fab) (width 0.1))
    (pad 3 thru_hole oval (at 0 5.08 270) (size 1.7 1.7) (drill 1) (layers *.Cu *.Mask)
      (net 12 "Net-(RV1-Pad2)"))
    (pad 2 thru_hole oval (at 0 2.54 270) (size 1.7 1.7) (drill 1) (layers *.Cu *.Mask)
      (net 12 "Net-(RV1-Pad2)"))
    (pad 1 thru_hole rect (at 0 0 270) (size 1.7 1.7) (drill 1) (layers *.Cu *.Mask)
      (net 10 "Net-(R5-Pad2)"))
    (model ${KISYS3DMOD}/Connector_PinHeader_2.54mm.3dshapes/PinHeader_1x03_P2.54mm_Vertical.wrl
      (at (xyz 0 0 0))
      (scale (xyz 1 1 1))
      (rotate (xyz 0 0 0))
    )
  )

  (module Connector_PinHeader_2.54mm:PinHeader_1x03_P2.54mm_Vertical (layer F.Cu) (tedit 59FED5CC) (tstamp 5D976E28)
    (at 49.657 39.5605 90)
    (descr "Through hole straight pin header, 1x03, 2.54mm pitch, single row")
    (tags "Through hole pin header THT 1x03 2.54mm single row")
    (path /5D8B3FEA)
    (fp_text reference RV2 (at 0 -2.33 90) (layer F.SilkS)
      (effects (font (size 1 1) (thickness 0.15)))
    )
    (fp_text value 1k (at 0 7.41 90) (layer F.Fab)
      (effects (font (size 1 1) (thickness 0.15)))
    )
    (fp_line (start -0.635 -1.27) (end 1.27 -1.27) (layer F.Fab) (width 0.1))
    (fp_line (start 1.27 -1.27) (end 1.27 6.35) (layer F.Fab) (width 0.1))
    (fp_line (start 1.27 6.35) (end -1.27 6.35) (layer F.Fab) (width 0.1))
    (fp_line (start -1.27 6.35) (end -1.27 -0.635) (layer F.Fab) (width 0.1))
    (fp_line (start -1.27 -0.635) (end -0.635 -1.27) (layer F.Fab) (width 0.1))
    (fp_line (start -1.33 6.41) (end 1.33 6.41) (layer F.SilkS) (width 0.12))
    (fp_line (start -1.33 1.27) (end -1.33 6.41) (layer F.SilkS) (width 0.12))
    (fp_line (start 1.33 1.27) (end 1.33 6.41) (layer F.SilkS) (width 0.12))
    (fp_line (start -1.33 1.27) (end 1.33 1.27) (layer F.SilkS) (width 0.12))
    (fp_line (start -1.33 0) (end -1.33 -1.33) (layer F.SilkS) (width 0.12))
    (fp_line (start -1.33 -1.33) (end 0 -1.33) (layer F.SilkS) (width 0.12))
    (fp_line (start -1.8 -1.8) (end -1.8 6.85) (layer F.CrtYd) (width 0.05))
    (fp_line (start -1.8 6.85) (end 1.8 6.85) (layer F.CrtYd) (width 0.05))
    (fp_line (start 1.8 6.85) (end 1.8 -1.8) (layer F.CrtYd) (width 0.05))
    (fp_line (start 1.8 -1.8) (end -1.8 -1.8) (layer F.CrtYd) (width 0.05))
    (fp_text user %R (at 0 2.54 180) (layer F.Fab)
      (effects (font (size 1 1) (thickness 0.15)))
    )
    (pad 1 thru_hole rect (at 0 0 90) (size 1.7 1.7) (drill 1) (layers *.Cu *.Mask)
      (net 11 "Net-(R6-Pad2)"))
    (pad 2 thru_hole oval (at 0 2.54 90) (size 1.7 1.7) (drill 1) (layers *.Cu *.Mask)
      (net 11 "Net-(R6-Pad2)"))
    (pad 3 thru_hole oval (at 0 5.08 90) (size 1.7 1.7) (drill 1) (layers *.Cu *.Mask)
      (net 2 GND))
    (model ${KISYS3DMOD}/Connector_PinHeader_2.54mm.3dshapes/PinHeader_1x03_P2.54mm_Vertical.wrl
      (at (xyz 0 0 0))
      (scale (xyz 1 1 1))
      (rotate (xyz 0 0 0))
    )
  )

  (module Connector_PinHeader_2.54mm:PinHeader_1x02_P2.54mm_Vertical (layer F.Cu) (tedit 59FED5CC) (tstamp 5D976E3E)
    (at 63.373 52.705)
    (descr "Through hole straight pin header, 1x02, 2.54mm pitch, single row")
    (tags "Through hole pin header THT 1x02 2.54mm single row")
    (path /5D8B05B5)
    (fp_text reference SW1 (at 0 -2.33) (layer F.SilkS)
      (effects (font (size 1 1) (thickness 0.15)))
    )
    (fp_text value SW_Push (at 0 4.87) (layer F.Fab)
      (effects (font (size 1 1) (thickness 0.15)))
    )
    (fp_line (start -0.635 -1.27) (end 1.27 -1.27) (layer F.Fab) (width 0.1))
    (fp_line (start 1.27 -1.27) (end 1.27 3.81) (layer F.Fab) (width 0.1))
    (fp_line (start 1.27 3.81) (end -1.27 3.81) (layer F.Fab) (width 0.1))
    (fp_line (start -1.27 3.81) (end -1.27 -0.635) (layer F.Fab) (width 0.1))
    (fp_line (start -1.27 -0.635) (end -0.635 -1.27) (layer F.Fab) (width 0.1))
    (fp_line (start -1.33 3.87) (end 1.33 3.87) (layer F.SilkS) (width 0.12))
    (fp_line (start -1.33 1.27) (end -1.33 3.87) (layer F.SilkS) (width 0.12))
    (fp_line (start 1.33 1.27) (end 1.33 3.87) (layer F.SilkS) (width 0.12))
    (fp_line (start -1.33 1.27) (end 1.33 1.27) (layer F.SilkS) (width 0.12))
    (fp_line (start -1.33 0) (end -1.33 -1.33) (layer F.SilkS) (width 0.12))
    (fp_line (start -1.33 -1.33) (end 0 -1.33) (layer F.SilkS) (width 0.12))
    (fp_line (start -1.8 -1.8) (end -1.8 4.35) (layer F.CrtYd) (width 0.05))
    (fp_line (start -1.8 4.35) (end 1.8 4.35) (layer F.CrtYd) (width 0.05))
    (fp_line (start 1.8 4.35) (end 1.8 -1.8) (layer F.CrtYd) (width 0.05))
    (fp_line (start 1.8 -1.8) (end -1.8 -1.8) (layer F.CrtYd) (width 0.05))
    (fp_text user %R (at 0 1.27 90) (layer F.Fab)
      (effects (font (size 1 1) (thickness 0.15)))
    )
    (pad 1 thru_hole rect (at 0 0) (size 1.7 1.7) (drill 1) (layers *.Cu *.Mask)
      (net 13 "Net-(SW1-Pad1)"))
    (pad 2 thru_hole oval (at 0 2.54) (size 1.7 1.7) (drill 1) (layers *.Cu *.Mask)
      (net 9 "Net-(R4-Pad1)"))
    (model ${KISYS3DMOD}/Connector_PinHeader_2.54mm.3dshapes/PinHeader_1x02_P2.54mm_Vertical.wrl
      (at (xyz 0 0 0))
      (scale (xyz 1 1 1))
      (rotate (xyz 0 0 0))
    )
  )

  (module Package_SO:SOIC-20W_7.5x12.8mm_P1.27mm (layer F.Cu) (tedit 5A02F2D3) (tstamp 5D976E67)
    (at 54.61 49.657 180)
    (descr "20-Lead Plastic Small Outline (SO) - Wide, 7.50 mm Body [SOIC] (see Microchip Packaging Specification 00000049BS.pdf)")
    (tags "SOIC 1.27")
    (path /5D8AE0BE)
    (attr smd)
    (fp_text reference U1 (at 0 -7.5 180) (layer F.SilkS)
      (effects (font (size 1 1) (thickness 0.15)))
    )
    (fp_text value ATtiny2313-20SU (at 0 7.5 180) (layer F.Fab)
      (effects (font (size 1 1) (thickness 0.15)))
    )
    (fp_text user %R (at 0 0 180) (layer F.Fab)
      (effects (font (size 1 1) (thickness 0.15)))
    )
    (fp_line (start -2.75 -6.4) (end 3.75 -6.4) (layer F.Fab) (width 0.15))
    (fp_line (start 3.75 -6.4) (end 3.75 6.4) (layer F.Fab) (width 0.15))
    (fp_line (start 3.75 6.4) (end -3.75 6.4) (layer F.Fab) (width 0.15))
    (fp_line (start -3.75 6.4) (end -3.75 -5.4) (layer F.Fab) (width 0.15))
    (fp_line (start -3.75 -5.4) (end -2.75 -6.4) (layer F.Fab) (width 0.15))
